1738588303901 0.1299259066581726 0
1738588304296 0.03401096537709236 1
1738588304687 0.02596067450940609 2
1738588305086 0.023178646340966225 3
1738588305478 0.02436758577823639 4
1738588305882 0.022363869473338127 5
1738588306278 0.020868513733148575 6
1738588306671 0.018261248245835304 7
1738588307065 0.019132524728775024 8
1738588307457 0.018604973331093788 9
1738588307857 0.017464658245444298 10
1738588308264 0.018404385074973106 11
1738588308660 0.018330447375774384 12
1738588309064 0.018898751586675644 13
1738588309560 0.018479814752936363 14
1738588309979 0.017407136037945747 15
1738588310396 0.017790500074625015 16
1738588310785 0.01727350428700447 17
1738588311172 0.017578870058059692 18
1738588311561 0.019747400656342506 19
1738588311964 0.019275231286883354 20
1738588312352 0.0193278007209301 21
1738588312752 0.01932624913752079 22
1738588313148 0.01880330964922905 23
1738588313557 0.01767333410680294 24
1738588313968 0.017053188756108284 25
1738588314429 0.019592227414250374 26
1738588314841 0.019420066848397255 27
1738588315223 0.019259599968791008 28
1738588315615 0.018563244491815567 29
1738588316010 0.018563872203230858 30
1738588316392 0.01720006950199604 31
1738588316807 0.017723197117447853 32
1738588317226 0.019528426229953766 33
1738588317626 0.018945205956697464 34
1738588318004 0.017743270844221115 35
1738588318409 0.017302075400948524 36
1738588318789 0.018091456964612007 37
1738588319171 0.01742231659591198 38
1738588319626 0.018802093341946602 39
1738588320109 0.01696442812681198 40
1738588320682 0.01664561778306961 41
1738588321187 0.01733120158314705 42
1738588321673 0.017028650268912315 43
1738588322132 0.017610816285014153 44
1738588322588 0.01606474258005619 45
1738588323026 0.01624901592731476 46
1738588323461 0.016818314790725708 47
1738588323917 0.02048107422888279 48
1738588324358 0.019507544115185738 49
1738588324774 0.017414703965187073 50
