1738588303901 0.28717079758644104 0
1738588304296 0.15192225575447083 1
1738588304687 0.1281125247478485 2
1738588305086 0.12287860363721848 3
1738588305478 0.12228844314813614 4
1738588305882 0.11714975535869598 5
1738588306278 0.11292482167482376 6
1738588306671 0.10433179885149002 7
1738588307065 0.1082557737827301 8
1738588307457 0.10706454515457153 9
1738588307857 0.10289312899112701 10
1738588308264 0.1078309491276741 11
1738588308660 0.10525476187467575 12
1738588309064 0.10855521261692047 13
1738588309560 0.1092141717672348 14
1738588309979 0.10400013625621796 15
1738588310396 0.10613270103931427 16
1738588310785 0.10357785224914551 17
1738588311172 0.10498882830142975 18
1738588311561 0.11260408908128738 19
1738588311964 0.11163841933012009 20
1738588312352 0.11225393414497375 21
1738588312752 0.11035073548555374 22
1738588313148 0.11343112587928772 23
1738588313557 0.10548503696918488 24
1738588313968 0.10194553434848785 25
1738588314429 0.1126876175403595 26
1738588314841 0.11360353976488113 27
1738588315223 0.10838402807712555 28
1738588315615 0.10844402760267258 29
1738588316010 0.10554284602403641 30
1738588316392 0.10447148978710175 31
1738588316807 0.10740340501070023 32
1738588317226 0.11062604933977127 33
1738588317626 0.10895087569952011 34
1738588318004 0.1050361841917038 35
1738588318409 0.1063106432557106 36
1738588318789 0.10860424488782883 37
1738588319171 0.10456113517284393 38
1738588319626 0.10949232429265976 39
1738588320109 0.10267224162817001 40
1738588320682 0.10050095617771149 41
1738588321187 0.1033693179488182 42
1738588321673 0.10338909924030304 43
1738588322132 0.10672794282436371 44
1738588322588 0.10123872756958008 45
1738588323026 0.10351575165987015 46
1738588323461 0.10199422389268875 47
1738588323917 0.11105847358703613 48
1738588324358 0.11142881214618683 49
1738588324774 0.10429411381483078 50
