1738584293717 0.329994261264801 0
1738584293966 0.17521420121192932 1
1738584294208 0.14700864255428314 2
1738584294453 0.12689927220344543 3
1738584294720 0.12090294063091278 4
1738584294969 0.12363560497760773 5
1738584295211 0.12582355737686157 6
1738584295453 0.1311558187007904 7
1738584295698 0.12052663415670395 8
1738584295948 0.11464177817106247 9
1738584296193 0.12106277048587799 10
1738584296437 0.11573696881532669 11
1738584296685 0.11378087103366852 12
1738584296933 0.10715830326080322 13
1738584297210 0.11359177529811859 14
1738584297482 0.11591114848852158 15
1738584297737 0.10554452985525131 16
1738584297989 0.11235221475362778 17
1738584298241 0.10707242041826248 18
1738584298491 0.11089545488357544 19
1738584298736 0.1168670579791069 20
1738584298974 0.11164364218711853 21
1738584299217 0.10970017313957214 22
1738584299456 0.10705913603305817 23
1738584299696 0.11259011924266815 24
1738584299938 0.1111910417675972 25
1738584300181 0.11275449395179749 26
1738584300421 0.1111321747303009 27
1738584300666 0.10798197239637375 28
1738584300910 0.11079853028059006 29
1738584301152 0.10964157432317734 30
1738584301397 0.1194014623761177 31
1738584301655 0.1118592694401741 32
1738584301906 0.10681113600730896 33
1738584302151 0.11723139882087708 34
1738584302406 0.1119144856929779 35
1738584302657 0.11188336461782455 36
1738584302915 0.10970670729875565 37
1738584303167 0.11336609721183777 38
1738584303414 0.11660177260637283 39
1738584303666 0.11027620732784271 40
1738584303919 0.10567254573106766 41
1738584304158 0.11324860155582428 42
