1738584293717 0.15250539779663086 0
1738584293966 0.046136558055877686 1
1738584294208 0.03277989849448204 2
1738584294453 0.025443751364946365 3
1738584294720 0.023589469492435455 4
1738584294969 0.025411555543541908 5
1738584295211 0.024973521009087563 6
1738584295453 0.02635587938129902 7
1738584295698 0.023406218737363815 8
1738584295948 0.02045978046953678 9
1738584296193 0.023423420265316963 10
1738584296437 0.021922850981354713 11
1738584296685 0.020682046189904213 12
1738584296933 0.019578108564019203 13
1738584297210 0.020627684891223907 14
1738584297482 0.021045060828328133 15
1738584297737 0.018214330077171326 16
1738584297989 0.019859107211232185 17
1738584298241 0.017972854897379875 18
1738584298491 0.01933976635336876 19
1738584298736 0.0206735972315073 20
1738584298974 0.01989992894232273 21
1738584299217 0.020498471334576607 22
1738584299456 0.018121182918548584 23
1738584299696 0.01920066587626934 24
1738584299938 0.019865550100803375 25
1738584300181 0.020667247474193573 26
1738584300421 0.02074848860502243 27
1738584300666 0.01857203058898449 28
1738584300910 0.0190651323646307 29
1738584301152 0.019274607300758362 30
1738584301397 0.021941622719168663 31
1738584301655 0.019171100109815598 32
1738584301906 0.01881452463567257 33
1738584302151 0.02324535883963108 34
1738584302406 0.01898406445980072 35
1738584302657 0.019250905141234398 36
1738584302915 0.019014490768313408 37
1738584303167 0.020010599866509438 38
1738584303414 0.02115984819829464 39
1738584303666 0.01922617480158806 40
1738584303919 0.017884964123368263 41
1738584304158 0.020246438682079315 42
