1738585392452 0.11633971333503723 0
1738585393051 0.0380232110619545 1
1738585393630 0.03068394586443901 2
1738585394211 0.02707846276462078 3
1738585394790 0.02374720387160778 4
1738585395395 0.02179557830095291 5
1738585395973 0.022913910448551178 6
1738585396544 0.018729768693447113 7
1738585397115 0.02159826084971428 8
1738585397744 0.020036978647112846 9
1738585398343 0.02370372600853443 10
1738585398926 0.021148405969142914 11
1738585399506 0.020368006080389023 12
1738585400080 0.01969406194984913 13
1738585400645 0.020276710391044617 14
1738585401213 0.01885097101330757 15
1738585401793 0.020141450688242912 16
1738585402368 0.021404648199677467 17
