1738585392452 0.275081604719162 0
1738585393051 0.15332016348838806 1
1738585393630 0.1396476775407791 2
1738585394211 0.12697334587574005 3
1738585394790 0.11995474994182587 4
1738585395395 0.11683179438114166 5
1738585395973 0.11848139017820358 6
1738585396544 0.10721902549266815 7
1738585397115 0.11477887630462646 8
1738585397744 0.11000201106071472 9
1738585398343 0.12182816863059998 10
1738585398926 0.11472765356302261 11
1738585399506 0.11183507740497589 12
1738585400080 0.10936500877141953 13
1738585400645 0.11509609967470169 14
1738585401213 0.11041892319917679 15
1738585401793 0.11202899366617203 16
1738585402368 0.11436884850263596 17
