1738588359303 0.2503153681755066 0
1738588359977 0.17643782496452332 1
1738588360637 0.14350347220897675 2
1738588361304 0.13461607694625854 3
1738588361975 0.132265105843544 4
1738588362631 0.1284594088792801 5
1738588363270 0.12643271684646606 6
1738588363926 0.12287683039903641 7
1738588364583 0.12046045064926147 8
1738588365232 0.12114167958498001 9
1738588365871 0.11721211671829224 10
1738588366540 0.11887423694133759 11
1738588367178 0.12014002352952957 12
1738588367830 0.1171773299574852 13
1738588368499 0.11055044084787369 14
1738588369172 0.11439122259616852 15
1738588369827 0.11110806465148926 16
1738588370473 0.11637374758720398 17
1738588371129 0.11454211920499802 18
1738588371775 0.10852450132369995 19
1738588372420 0.11076205968856812 20
1738588373064 0.11004829406738281 21
1738588373713 0.11029254645109177 22
1738588374355 0.111362986266613 23
1738588375019 0.112589992582798 24
1738588375695 0.10898446291685104 25
1738588376577 0.11108718812465668 26
1738588377257 0.10719171911478043 27
1738588377894 0.11357755213975906 28
1738588378520 0.11215117573738098 29
1738588379158 0.1101343110203743 30
1738588379797 0.11187047511339188 31
1738588380448 0.10945046693086624 32
1738588381713 0.11335508525371552 33
1738588382362 0.10814257711172104 34
1738588383018 0.11303319036960602 35
1738588383687 0.11189419031143188 36
1738588384340 0.11053387820720673 37
1738588384992 0.11246372759342194 38
1738588385633 0.1129237711429596 39
1738588386292 0.11406411975622177 40
1738588386935 0.11232943087816238 41
1738588387558 0.10793664306402206 42
1738588388189 0.11812534928321838 43
1738588388816 0.11701402068138123 44
1738588389453 0.11583133041858673 45
1738588390077 0.1131853386759758 46
1738588390703 0.10776513814926147 47
1738588391351 0.10127667337656021 48
1738588392010 0.11231319606304169 49
1738588392645 0.10834015160799026 50
1738588393267 0.10888732969760895 51
1738588393913 0.11540356278419495 52
1738588394537 0.11365077644586563 53
1738588395160 0.11326664686203003 54
1738588395808 0.1059541180729866 55
1738588396456 0.1042831689119339 56
1738588397084 0.10816387087106705 57
1738588397721 0.10283926129341125 58
1738588398361 0.10293684154748917 59
1738588398987 0.10799819231033325 60
1738588399655 0.10372348874807358 61
1738588400351 0.11505705118179321 62
1738588401035 0.10899382084608078 63
1738588401728 0.10728013515472412 64
1738588402416 0.11229372769594193 65
1738588403066 0.10568039119243622 66
1738588403707 0.11066345125436783 67
1738588404351 0.10993873327970505 68
1738588404993 0.10931374877691269 69
1738588405645 0.10711733996868134 70
1738588406282 0.10766531527042389 71
1738588406978 0.10632790625095367 72
1738588407625 0.10998958349227905 73
1738588408285 0.10442580282688141 74
1738588408953 0.10365426540374756 75
1738588409597 0.11048523336648941 76
1738588410228 0.11386211216449738 77
1738588410855 0.10854887962341309 78
1738588411507 0.11101939529180527 79
1738588412149 0.11224989593029022 80
1738588412802 0.10561399161815643 81
1738588413426 0.10733377933502197 82
1738588414064 0.10629472881555557 83
1738588414696 0.10857546329498291 84
1738588415323 0.10380034148693085 85
1738588415972 0.10915249586105347 86
1738588416606 0.10965688526630402 87
1738588417233 0.10584161430597305 88
