1738588359303 0.09802212566137314 0
1738588359977 0.04598755016922951 1
1738588360637 0.032844800502061844 2
1738588361304 0.027691084891557693 3
1738588361975 0.028884926810860634 4
1738588362631 0.02671648934483528 5
1738588363270 0.025298546999692917 6
1738588363926 0.02409268543124199 7
1738588364583 0.02322450652718544 8
1738588365232 0.022909000515937805 9
1738588365871 0.021511593833565712 10
1738588366540 0.021007435396313667 11
1738588367178 0.023249970749020576 12
1738588367830 0.02261524461209774 13
1738588368499 0.019077666103839874 14
1738588369172 0.021342245861887932 15
1738588369827 0.020038001239299774 16
1738588370473 0.02211613394320011 17
1738588371129 0.020791923627257347 18
1738588371775 0.019077053293585777 19
1738588372420 0.020039841532707214 20
1738588373064 0.01984655112028122 21
1738588373713 0.019337574020028114 22
1738588374355 0.01995013654232025 23
1738588375019 0.020139485597610474 24
1738588375695 0.019485604017972946 25
1738588376577 0.019988587126135826 26
1738588377257 0.017568223178386688 27
1738588377894 0.02036675065755844 28
1738588378520 0.019657684490084648 29
1738588379158 0.019363194704055786 30
1738588379797 0.020211543887853622 31
1738588380448 0.019168565049767494 32
1738588381713 0.02061796933412552 33
1738588382362 0.018859367817640305 34
1738588383018 0.019268779084086418 35
1738588383687 0.01957002282142639 36
1738588384340 0.019528700038790703 37
1738588384992 0.01956871524453163 38
1738588385633 0.02106344699859619 39
1738588386292 0.020150305703282356 40
1738588386935 0.02011544071137905 41
1738588387558 0.018159763887524605 42
1738588388189 0.0232051070779562 43
1738588388816 0.021809309720993042 44
1738588389453 0.02024792693555355 45
1738588390077 0.02103874646127224 46
1738588390703 0.01942194066941738 47
1738588391351 0.01722819171845913 48
1738588392010 0.020489834249019623 49
1738588392645 0.018801074475049973 50
1738588393267 0.01836586929857731 51
1738588393913 0.020217057317495346 52
1738588394537 0.01958497241139412 53
1738588395160 0.02102493681013584 54
1738588395808 0.018074480816721916 55
1738588396456 0.017542477697134018 56
1738588397084 0.018437974154949188 57
1738588397721 0.016148999333381653 58
1738588398361 0.01729859597980976 59
1738588398987 0.017961040139198303 60
1738588399655 0.017569631338119507 61
1738588400351 0.019914301112294197 62
1738588401035 0.01957019604742527 63
1738588401728 0.019080976024270058 64
1738588402416 0.02092747390270233 65
1738588403066 0.018081631511449814 66
1738588403707 0.018346140161156654 67
1738588404351 0.018734203651547432 68
1738588404993 0.019485406577587128 69
1738588405645 0.017748957499861717 70
1738588406282 0.01885765604674816 71
1738588406978 0.018318884074687958 72
1738588407625 0.01856217533349991 73
1738588408285 0.01764623261988163 74
1738588408953 0.016605675220489502 75
1738588409597 0.019072720780968666 76
1738588410228 0.01952376775443554 77
1738588410855 0.018944380804896355 78
1738588411507 0.018738936632871628 79
1738588412149 0.019824061542749405 80
1738588412802 0.01806025579571724 81
1738588413426 0.017669791355729103 82
1738588414064 0.01774520054459572 83
1738588414696 0.018602410331368446 84
1738588415323 0.017550721764564514 85
1738588415972 0.018510721623897552 86
1738588416606 0.018736423924565315 87
1738588417233 0.01771111786365509 88
