1738588454484 0.3505977988243103 0
1738588455114 0.16616122424602509 1
1738588455693 0.1660325825214386 2
1738588456296 0.15366114675998688 3
1738588456886 0.13635994493961334 4
1738588457506 0.13589471578598022 5
1738588458103 0.12640176713466644 6
1738588458698 0.12999005615711212 7
1738588459252 0.12224538624286652 8
1738588459817 0.12382734566926956 9
1738588460383 0.1235421672463417 10
1738588460947 0.12330988794565201 11
1738588461498 0.12305361032485962 12
1738588462055 0.11806165426969528 13
1738588462626 0.11682195961475372 14
1738588463192 0.11317837983369827 15
1738588463750 0.10566433519124985 16
1738588464323 0.11972937732934952 17
1738588464877 0.10694953799247742 18
1738588465439 0.12095021456480026 19
1738588465998 0.11563457548618317 20
1738588466558 0.12346300482749939 21
1738588467142 0.11460259556770325 22
1738588467725 0.11871786415576935 23
1738588468334 0.11326053738594055 24
1738588469022 0.10879478603601456 25
1738588469584 0.11416564136743546 26
1738588470145 0.10426094383001328 27
1738588470700 0.10821691155433655 28
1738588471244 0.10222156345844269 29
1738588471801 0.10535877197980881 30
1738588472379 0.1175553947687149 31
1738588472956 0.10562773048877716 32
1738588473503 0.10619870573282242 33
1738588474059 0.11634807288646698 34
1738588474638 0.10382188856601715 35
1738588475187 0.11093519628047943 36
1738588475742 0.11642992496490479 37
1738588476302 0.11780339479446411 38
1738588476861 0.12222834676504135 39
1738588477421 0.11455000191926956 40
1738588477969 0.11249467730522156 41
1738588478518 0.11510691791772842 42
1738588479080 0.11499945819377899 43
1738588479635 0.11747153848409653 44
1738588480193 0.10904043167829514 45
1738588480755 0.10928919911384583 46
1738588481315 0.10581950098276138 47
1738588481876 0.11088884621858597 48
1738588482427 0.10941002517938614 49
1738588482986 0.10859395563602448 50
1738588483556 0.10501611977815628 51
1738588484124 0.10821555554866791 52
1738588484680 0.10961151868104935 53
1738588485224 0.11250191926956177 54
1738588485827 0.10995811969041824 55
1738588486383 0.11984061449766159 56
1738588486969 0.1033598929643631 57
1738588487521 0.10992632061243057 58
1738588488092 0.10780198872089386 59
1738588488649 0.10521916300058365 60
1738588489202 0.1040816456079483 61
1738588489748 0.11097972095012665 62
1738588490303 0.11009954661130905 63
1738588490864 0.11259915679693222 64
1738588491414 0.10782618075609207 65
1738588491976 0.10840111970901489 66
1738588492538 0.1051323413848877 67
1738588493104 0.09835386276245117 68
1738588493654 0.10682321339845657 69
1738588494196 0.10439566522836685 70
1738588494751 0.11126866936683655 71
1738588495313 0.10781809687614441 72
1738588495862 0.10974977910518646 73
1738588496422 0.10806354880332947 74
1738588497055 0.11046790331602097 75
1738588497635 0.10505224019289017 76
1738588498179 0.10605515539646149 77
1738588498731 0.10850567370653152 78
1738588499289 0.10312346369028091 79
1738588499853 0.1104096844792366 80
1738588500414 0.11275079101324081 81
1738588500966 0.11081980913877487 82
1738588501518 0.10928148031234741 83
1738588502079 0.11565906554460526 84
1738588502628 0.11778574436903 85
1738588503243 0.1065269187092781 86
1738588503822 0.10753175616264343 87
1738588504401 0.10806505382061005 88
1738588504948 0.10748909413814545 89
1738588505505 0.10396017134189606 90
1738588506069 0.10820206999778748 91
1738588506619 0.11445637792348862 92
1738588507164 0.10227896273136139 93
1738588507714 0.1116533949971199 94
1738588508284 0.10610400140285492 95
1738588508831 0.10625723749399185 96
1738588509381 0.10903209447860718 97
1738588509954 0.10999628901481628 98
1738588510509 0.10906466841697693 99
