1738588454484 0.17038144171237946 0
1738588455114 0.04277753084897995 1
1738588455693 0.04436585679650307 2
1738588456296 0.03602425381541252 3
1738588456886 0.029246101155877113 4
1738588457506 0.02984902635216713 5
1738588458103 0.02530338242650032 6
1738588458698 0.02779858186841011 7
1738588459252 0.02436908707022667 8
1738588459817 0.024537643417716026 9
1738588460383 0.023630693554878235 10
1738588460947 0.023561453446745872 11
1738588461498 0.023580145090818405 12
1738588462055 0.022761549800634384 13
1738588462626 0.02250729873776436 14
1738588463192 0.020507076755166054 15
1738588463750 0.017711356282234192 16
1738588464323 0.022600019350647926 17
1738588464877 0.019333967939019203 18
1738588465439 0.02400887757539749 19
1738588465998 0.021463003009557724 20
1738588466558 0.0233799759298563 21
1738588467142 0.021757587790489197 22
1738588467725 0.021681493148207664 23
1738588468334 0.020576054230332375 24
1738588469022 0.018748197704553604 25
1738588469584 0.020081961527466774 26
1738588470145 0.018431439995765686 27
1738588470700 0.019000468775629997 28
1738588471244 0.016803840175271034 29
1738588471801 0.018313845619559288 30
1738588472379 0.020811771973967552 31
1738588472956 0.01780206337571144 32
1738588473503 0.01800025999546051 33
1738588474059 0.020578986033797264 34
1738588474638 0.018383879214525223 35
1738588475187 0.019222857430577278 36
1738588475742 0.02163112349808216 37
1738588476302 0.0217506792396307 38
1738588476861 0.02346760779619217 39
1738588477421 0.02088196761906147 40
1738588477969 0.02001681923866272 41
1738588478518 0.02088773064315319 42
1738588479080 0.02179901860654354 43
1738588479635 0.021544044837355614 44
1738588480193 0.01893497072160244 45
1738588480755 0.019583851099014282 46
1738588481315 0.0180796068161726 47
1738588481876 0.01969469152390957 48
1738588482427 0.019280588254332542 49
1738588482986 0.019076023250818253 50
1738588483556 0.01722535490989685 51
1738588484124 0.018451610580086708 52
1738588484680 0.019124634563922882 53
1738588485224 0.019481252878904343 54
1738588485827 0.01919465884566307 55
1738588486383 0.022581491619348526 56
1738588486969 0.017192544415593147 57
1738588487521 0.019179999828338623 58
1738588488092 0.01809738203883171 59
1738588488649 0.016941899433732033 60
1738588489202 0.017926497384905815 61
1738588489748 0.019709426909685135 62
1738588490303 0.019583318382501602 63
1738588490864 0.01936308667063713 64
1738588491414 0.01835852861404419 65
1738588491976 0.01839613728225231 66
1738588492538 0.01774746924638748 67
1738588493104 0.016774678602814674 68
1738588493654 0.01868046447634697 69
1738588494196 0.017649587243795395 70
1738588494751 0.019124101847410202 71
1738588495313 0.018221044912934303 72
1738588495862 0.019067557528614998 73
1738588496422 0.01908893510699272 74
1738588497055 0.01795613206923008 75
1738588497635 0.01691548153758049 76
1738588498179 0.017523182556033134 77
1738588498731 0.018504228442907333 78
1738588499289 0.017552988603711128 79
1738588499853 0.019441507756710052 80
1738588500414 0.019859647378325462 81
1738588500966 0.019299926236271858 82
1738588501518 0.018636738881468773 83
1738588502079 0.021144121885299683 84
1738588502628 0.021195605397224426 85
1738588503243 0.018459321931004524 86
1738588503822 0.017874209210276604 87
1738588504401 0.01870284043252468 88
1738588504948 0.018586207181215286 89
1738588505505 0.01729070022702217 90
1738588506069 0.018181875348091125 91
1738588506619 0.02012713812291622 92
1738588507164 0.01695454865694046 93
1738588507714 0.019285421818494797 94
1738588508284 0.01780017651617527 95
1738588508831 0.017707129940390587 96
1738588509381 0.018139610067009926 97
1738588509954 0.019415680319070816 98
1738588510509 0.01826026476919651 99
