1738586244785 0.28137779235839844 0
1738586245392 0.20376726984977722 1
1738586245998 0.14497403800487518 2
1738586246600 0.13533540070056915 3
1738586247204 0.12980517745018005 4
1738586247828 0.12377165257930756 5
1738586248418 0.12011170387268066 6
1738586249009 0.11687382310628891 7
1738586249604 0.12173823267221451 8
1738586250198 0.12653113901615143 9
1738586250799 0.11748194694519043 10
1738586251394 0.11432326585054398 11
1738586251991 0.11622916907072067 12
1738586252593 0.10807706415653229 13
1738586253202 0.1141536682844162 14
1738586253783 0.12109826505184174 15
1738586254370 0.12109973281621933 16
1738586254985 0.10964390635490417 17
1738586255601 0.11095353960990906 18
1738586256200 0.10690835118293762 19
1738586256805 0.10473465919494629 20
1738586257408 0.10802872478961945 21
1738586257986 0.11050479114055634 22
1738586258568 0.10703080892562866 23
1738586259160 0.10481283813714981 24
1738586259763 0.10638882219791412 25
1738586260345 0.10517393797636032 26
1738586260931 0.10517554730176926 27
1738586261534 0.11489538848400116 28
1738586262119 0.10467919707298279 29
1738586262703 0.10507084429264069 30
1738586263280 0.10856170952320099 31
1738586263897 0.10461001843214035 32
1738586264640 0.10924766957759857 33
1738586265219 0.10876286774873734 34
1738586265816 0.11502084136009216 35
1738586266400 0.10876436531543732 36
1738586266981 0.11571113020181656 37
1738586267588 0.11681176722049713 38
1738586268197 0.11120745539665222 39
1738586268786 0.10652497410774231 40
1738586269375 0.10824675112962723 41
1738586269962 0.1057380959391594 42
1738586270557 0.11108880490064621 43
1738586271142 0.10190046578645706 44
1738586271738 0.10619531571865082 45
1738586272327 0.10708737373352051 46
1738586272929 0.1136370375752449 47
1738586273510 0.1055276021361351 48
1738586274097 0.10464183986186981 49
1738586274684 0.10829070210456848 50
1738586275279 0.10385355353355408 51
1738586275876 0.1077750027179718 52
1738586276463 0.10535670071840286 53
1738586277048 0.10846296697854996 54
1738586277639 0.10503275692462921 55
1738586278224 0.11079417169094086 56
1738586278808 0.10473154485225677 57
1738586279405 0.111162930727005 58
1738586280004 0.10539660602807999 59
