1738586244785 0.11556120216846466 0
1738586245392 0.06107165291905403 1
1738586245998 0.03236783668398857 2
1738586246600 0.027383416891098022 3
1738586247204 0.025987986475229263 4
1738586247828 0.024069946259260178 5
1738586248418 0.02348582074046135 6
1738586249009 0.02188892662525177 7
1738586249604 0.02395804226398468 8
1738586250198 0.026708312332630157 9
1738586250799 0.020902542397379875 10
1738586251394 0.02078109048306942 11
1738586251991 0.020763620734214783 12
1738586252593 0.019519181922078133 13
1738586253202 0.02076725848019123 14
1738586253783 0.022315192967653275 15
1738586254370 0.023201651871204376 16
1738586254985 0.018519198521971703 17
1738586255601 0.01917334273457527 18
1738586256200 0.018954476341605186 19
1738586256805 0.017981039360165596 20
1738586257408 0.018044736236333847 21
1738586257986 0.01844598911702633 22
1738586258568 0.017644532024860382 23
1738586259160 0.018241772428154945 24
1738586259763 0.018882503733038902 25
1738586260345 0.017070425674319267 26
1738586260931 0.018159667029976845 27
1738586261534 0.020223531872034073 28
1738586262119 0.01720755733549595 29
1738586262703 0.017581379041075706 30
1738586263280 0.018942411988973618 31
1738586263897 0.0182045828551054 32
1738586264640 0.01934763230383396 33
1738586265219 0.01873435452580452 34
1738586265816 0.020623361691832542 35
1738586266400 0.018908988684415817 36
1738586266981 0.020381808280944824 37
1738586267588 0.02049371227622032 38
1738586268197 0.019956154748797417 39
1738586268786 0.017671722918748856 40
1738586269375 0.018920354545116425 41
1738586269962 0.017612699419260025 42
1738586270557 0.01988491602241993 43
1738586271142 0.016660595312714577 44
1738586271738 0.017795218154788017 45
1738586272327 0.01891789585351944 46
1738586272929 0.02025243639945984 47
1738586273510 0.01768392138183117 48
1738586274097 0.01812581904232502 49
1738586274684 0.01900590769946575 50
1738586275279 0.017066417261958122 51
1738586275876 0.01811143010854721 52
1738586276463 0.017975110560655594 53
1738586277048 0.018327895551919937 54
1738586277639 0.018462201580405235 55
1738586278224 0.01950910873711109 56
1738586278808 0.016920896247029305 57
1738586279405 0.019437797367572784 58
1738586280004 0.016472823917865753 59
